
Cycles = [2350122, 2315926, 2108766];
Freceny = [56.625,56.625 ,56.626];
Freceny = Freceny .* 10^6;

T = Cycles ./ Freqency ;

%G = T